214000.000000 
37630.000000 
4344040.000000 
68000.000000 
199200.000000 
15770.000000 
7040.000000 
452030.000000 
13957830.000000 
19000.000000 
0.000000 
13214.000000 
321.000000 
421.000000 
54.000000 
56.000000 
8687.000000 
2287.000000 
959532.000000 
243341.000000 
321.000000 
132.000000 
22505.000000 
16846.000000 
5076.000000 
1567.000000 
7563.000000 
24.000000 
11.000000 
486000.000000 
3000.000000 
1071000.000000 
9000.000000 
69000.000000 
0.000000 
0.000000 
0.000000 
0.000000 
0.000000 
21000.000000 
0.000000 
0.000000 
0.000000 
0.000000 
0.000000 
2000.000000 
0.000000 
46000.000000 
0.000000 
1532.000000 
0.000000 
0.000000 
10500.000000 
3120.000000 
5740.000000 
0.000000 
45360.000000 
0.000000 
12000.000000 
0.000000 
0.000000 
6000.000000 
9000.000000 
9000.000000 
0.000000 
800.000000 
123230.000000 
0.000000 
0.000000 
4000.000000 
0.000000 
0.000000 
800.000000 
0.000000 
27600.000000 
84000.000000 
800.000000 
0.000000 
4400.000000 
2132140.000000 
